0000000000000000000000000000000000000000000000000000000000000000000000000000000
0001100000000000000000001100000000000000000000000000000000000000000000000000000
0010010000000000000000010010000000000000000000000000000000000000000000000000000
0100001000000000000000100001000000000000000000000000000000000000000000000000000
1000000100000000000001000000100000000000000000000000000000000000000000000000000
1000000100000000000001000000100000000000000000000000000000000000000000000000000
0100001000000000000000100001000000000000000000000000000000000000000000000000000
0010010000000000000000010010000000000000000000000000000000000000000000000000000
0001100000000000000000001100000000000000000000000000000000000000000000000000000
0000000000000000000000000000000000000000000000000000000000000000000000000000000
0000000000000000000000000000000000000000000000000000000000000000000000000000000
0000000000000000000000000000000000000000000000000000000000000000000000000000000
0000000011000000000000000000000000000000000000000000000000000000000000000000000
0000000100100000000000000000000000000000000000000000000000000000000000000000000
0000001000010000000000000000000000000000000000000000000000000000000000000000000
0000010000001000000000000000000000000000000000000000000000000000000000000000000
0000010000001000000000000000000000000000000000000000000000000000110000000000000
0000001000010000000000000000000000000000000000000000000000000001001000000000000
0000000100100000000000000000000000000000000000000000000000000010000100000000000
0000000011000000000000000000000000000000000000000000000000000100000010000000000
0000000000000000000000000000000000000000000000000000000000000100000010000000000
0000000000000000000000000000000000000000000000000000000000000010000100000000000
0000000000000000000000000000000000000000000000000000000000000001001000000000000
0000000000000000000000000000000000000000000000000000000000000000110000000000000
0000000000000000000000000000000000000000000000000000000000000000000000000000000
