0000000000000000000000000000000000000000000000000000000000000000000000000000000
0001100000000000000000001100000000000000000000000000000000000000000000000000000
0010010000000000000000010010000000000000000000000000000000000000000000010000000
0100001000000000000000100001000000000000000000000000000000000000000000100000000
1000000100000000000001000000100000000000000000000000000000000000000000100000000
1000000100000000000001000000100000000000000000000000000000000000000000100000000
0100001000000000000000100001000000000000000000000000000000000000000000100000000
0010010000000000000000010010000000000000000000110000000000000000000000010000000
0001100000000000000000001100000000000000000001001000000000000000000000000000000
0000000000000000000000000110000000000000000010000100000000000000000000000000000
0000000000000000000000011001100000000000000100000010000000000000000000000000000
0000000000000000000000010000100000000000000100000010000000000000000000000000000
0000000000000000000000001001000000000000000010000100000000000000000000000000000
0000000000000000000000101001010000000000000001001000000000000000000000000000000
0000000000000000000000110000110000000000000000110000000000000000000000000000000
0000000000000000000000000000000000000000000001100000000000000000000000000000000
0000000000000000000000000000000000000000000110011000000000000000110000000000000
0000000000000000000000000000000000000000000100001000000000000001001000000000000
0000000000000000000000000000000000000000000010010000000000000010000100000000000
0000000000000000000000000000000000000000001010010100000000000100000010000000000
0000000000000000000000000000000000000000001100001100000000000100000010000000000
0000000000000000000000000000000000000000000000000000000000000010000100000000000
0000000000000000000000000000000000000000000000000000000000000001001000000000000
0000000000000000000000000000000000000000000000000000000000000000110000000000000
0000000000000000000000000000000000000000000000000000000000000000000000000000000
